[LEFT_CAM_2K]
fx=1060.73
fy=1059.76
cx=1100.05
cy=629.911
k1=-0.0411286
k2=0.0092382
p1=-0.000358214
p2=-0.000680043
k3=-0.0045919

[RIGHT_CAM_2K]
fx=1062.81
fy=1062.38
cx=1118.86
cy=642.6
k1=-0.0463649
k2=0.0143733
p1=-0.000106438
p2=-0.000536516
k3=-0.0061033

[LEFT_CAM_FHD]
fx=1060.73
fy=1059.76
cx=956.05
cy=548.911
k1=-0.0411286
k2=0.0092382
p1=-0.000358214
p2=-0.000680043
k3=-0.0045919

[RIGHT_CAM_FHD]
fx=1062.81
fy=1062.38
cx=974.86
cy=561.6
k1=-0.0463649
k2=0.0143733
p1=-0.000106438
p2=-0.000536516
k3=-0.0061033

[LEFT_CAM_HD]
fx=530.365
fy=529.88
cx=636.525
cy=362.9555
k1=-0.0411286
k2=0.0092382
p1=-0.000358214
p2=-0.000680043
k3=-0.0045919

[RIGHT_CAM_HD]
fx=531.405
fy=531.19
cx=645.93
cy=369.3
k1=-0.0463649
k2=0.0143733
p1=-0.000106438
p2=-0.000536516
k3=-0.0061033

[LEFT_CAM_VGA]
fx=265.1825
fy=264.94
cx=333.7625
cy=188.97775
k1=-0.0411286
k2=0.0092382
p1=-0.000358214
p2=-0.000680043
k3=-0.0045919

[RIGHT_CAM_VGA]
fx=265.7025
fy=265.595
cx=338.465
cy=192.15
k1=-0.0463649
k2=0.0143733
p1=-0.000106438
p2=-0.000536516
k3=-0.0061033

[STEREO]
Baseline=119.409
TY=0.017488
TZ=-0.0214379
CV_2K=0.000839549
CV_FHD=0.000839549
CV_HD=0.000839549
CV_VGA=0.000839549
RX_2K=6.56574e-05
RX_FHD=6.56574e-05
RX_HD=6.56574e-05
RX_VGA=6.56574e-05
RZ_2K=-0.000278217
RZ_FHD=-0.000278217
RZ_HD=-0.000278217
RZ_VGA=-0.000278217

[MISC]
Sensor_ID=0


