[LEFT_CAM_2K]
fx=1399.44
fy=1399.44
cx=1121.06
cy=636.758
k1=-0.171269
k2=0.026361
p1=0.000235503
p2=-0.000842917
k3=0

[RIGHT_CAM_2K]
fx=1398.18
fy=1398.18
cx=1114.99
cy=559.714
k1=-0.171545
k2=0.0274907
p1=8.48317e-05
p2=-0.00112728
k3=0

[LEFT_CAM_FHD]
fx=1399.44
fy=1399.44
cx=977.06
cy=555.758
k1=-0.171269
k2=0.026361
p1=0.000235503
p2=-0.000842917
k3=0

[RIGHT_CAM_FHD]
fx=1398.18
fy=1398.18
cx=970.99
cy=478.714
k1=-0.171545
k2=0.0274907
p1=8.48317e-05
p2=-0.00112728
k3=0

[LEFT_CAM_HD]
fx=699.72
fy=699.72
cx=647.03
cy=366.379
k1=-0.171269
k2=0.026361
p1=0.000235503
p2=-0.000842917
k3=0

[RIGHT_CAM_HD]
fx=699.09
fy=699.09
cx=643.995
cy=327.857
k1=-0.171545
k2=0.0274907
p1=8.48317e-05
p2=-0.00112728
k3=0

[LEFT_CAM_VGA]
fx=349.86
fy=349.86
cx=339.015
cy=190.6895
k1=-0.171269
k2=0.026361
p1=0.000235503
p2=-0.000842917
k3=0

[RIGHT_CAM_VGA]
fx=349.545
fy=349.545
cx=337.4975
cy=171.4285
k1=-0.171545
k2=0.0274907
p1=8.48317e-05
p2=-0.00112728
k3=0

[STEREO]
Baseline=119.994
TY=-0.00169556
TZ=-0.00650287
CV_2K=0.0158068
CV_FHD=0.0158068
CV_HD=0.0158068
CV_VGA=0.0158068
RX_2K=-0.0210205
RX_FHD=-0.0210205
RX_HD=-0.0210205
RX_VGA=-0.0210205
RZ_2K=-0.00154878
RZ_FHD=-0.00154878
RZ_HD=-0.00154878
RZ_VGA=-0.00154878

[MISC]
Sensor_ID=0


